0
36
9
10
2
0
392
10
19
3
5 3 2 6 6 5 5 3 5 0 5 3 2 6 6 5 5 3 5 0 100 200 300 400 500 600 700 800 900 1000 910 910 910 910 910 910 910 910 910 910 1.000000 1.000000 1.000000 1.000000 1.000000 1.000000 1.000000 1.000000 1.000000 1.000000 
1 3 6 4 1 0 1 0 1 6 1 1 1 3 0 1 1 1 1 0 1 0 3 0 6 3 3 0 1 3 4 3 6 3 0 3 2 0 3 8 7 7 4 1 7 1 1 0 3 1 0 5 3 6 1 7 1 0 1 0 2 0 0 1 0 1 0 1 0 3 4 3 3 3 0 3 1 2 0 0 0 0 0 0 0 0 0 0 0 0 0 0 0 0 0 0 0 0 0 0 0 0 0 0 0 0 0 0 0 0 0 0 0 0 0 0 0 0 0 0 0 0 0 0 0 0 0 0 0 0 0 0 0 0 0 0 0 0 0 0 0 0 0 0 0 0 0 0 0 0 0 0 0 0 0 0 0 0 0 0 0 0 0 0 0 0 0 0 0 0 0 0 0 0 0 0 0 0 0 0 0 0 0 1 0 0 0 0 0 0 0 0 0 0 0 0 0 0 0 0 0 0 0 0 0 0 0 0 1 0 0 1 0 0 0 0 0 0 0 0 0 0 0 0 0 0 0 0 0 0 0 0 0 0 0 0 0 
3
15 16 17 18 19 20 21 22 23 24 25 26 27 28 29 30 31 32 33 34 610 300 850 650 460 690 460 540 690 890 610 650 580 500 650 500 770 690 730 810 562 422 562 492 422 562 562 702 702 492 702 352 632 492 632 632 422 562 492 492 1 1 1 0 0 0 0 0 0 0 0 0 0 0 0 0 0 0 0 0 